103109065902334620226101162008793963504256027939117020091876799039690801944735604259018655534860183205031069083254290258577291605287053538752280231959857465853228851714786887294961873006234153079187216285516823832102424110934062954272346111907571393964363630079343598511602013316604641904852018969178919051627
102475188247563848286945915380476667802602854876368431885335322709108972931825158123667293750369168229919151668978059761534237040449685498674713242003659107451198242719915205456598334223051250662805244834468165714315564160456345356775214718947496000390960566077219957635569079685758176360540536491609062295912
98165528588897581357762737834689451362252757422664514540538121132831138195216264938258509140640778717781569080958991098729015566777580593509402612574625430419832053337731308491289074351255823858676879185727045495590514663530030231806055096448879914474800546120932100906434044055982738517132870631903309747388
13
15





